P 0000 1234 500
P 0000 2342 300
P 0000 4322 700
O 0000 2422 ROOF 400 3
P 0000 5432 2000
O 0002 4321 MAT 200 3
P 0002 1284 500
O 0002 2332 WATER 20 5
P 0002 4312 700
O 0002 2402 ROOF 400 3
P 0003 6432 700
P 0003 4342 400
O 0003 3234 TILE 20 5
O 0003 5433 ROOF 400 5
P 0003 2350 1200
O 0004 3245 HAIL 300 5
O 0010 4341 MAT 200 3
P 0010 1264 500
P 0010 8374 800
O 0010 6443 WATER 200 5
O 0010 5733 EGG 300 2
O 0010 2342 WATER 20 5
P 0010 4322 700
O 0010 2422 ROOF 400 3
O 0010 4321 MAT 200 3
O 1234 3523 HOSE 3.50 125
O 1234 9420 JEL 4.99 39
P 1234 8329 450.65
O 1234 3424 PEN .99 105
P 1234 3241 300.74
P 1234 3453 507.99
O 7890 3243 BASKETBALL 100 35
O 7890 5432 NET 100 5
P 7890 5436 4900
O 7890 7643 HOOP 10000 3
P 7890 7644 15000
P 8901 9763 5000
P 8901 9765 3782.45
O 8901 9742 MOVIE 4.78 63
O 9999 9764 FUN 37 43
O 9999 0953 JUMP 21 7
P 9999 7643 423
P 9999 3211 1587.34
P 9999 3242 46.95